0
100
200
300
400
1200
1300
900
500
1100
4500
16400
5600
16800
17200
14000
9200
15200
700
600
1400
800
1000
9000
14100
7200
16100
6900
9900
7900
0
15300
15400
0
0
0
0
0
0
0
0
0
0
16500
11000
3800
6300
1800
1900
0
15100
2100
2300
9400
2200
16300
14800
6400
5200
5200
6700
4000
9300
4900
2600
8000
0
0
0
0
0
11300
12000
12600
12200
11900
12300
12100
11500
12700
10500
13600
11600
11200
12400
11800
0
0
0
0
0
2900
10700
6200
12500
16700
15800
8200
8300
17100
2800
3000
2700
0
0
0
0
0
0
0
0
0
0
0
0
16200
0
0
0
0
0
0
0
0
0
0
1500
5900
3100
6000
6800
10800
16000
2000
1700
13300
4800
13000
13200
12900
13100
16700
4600
10000
9100
8600
8700
4200
10400
13200
12900
0
0
7300
7400
7500
7600
7700
7800
9500
2400
15000
14300
3200
3300
3400
1600
14900
11100
15500
15600
15700
10900
10600
8800
9700
13500
14200
4100
8900
2500
7100
4300
7100
0
0
0
0
0
0
0
0
4700
4400
4700
9800
3700
3500
3600
3900
3900
5300
5400
7000
7000
7000
17300
17400
5100
13900
14700
14400
14500
12800
13400
10100
10200
10300
10300
5300
5400
5500
